[0, 39, 78, 117, 156, 195, 234, 273, 312, 351, 390, 429, 468, 507, 546, 585, 623, 661, 699, 737, 775, 813, 851, 889, 927, 965, 1003, 1041, 1079, 1117, 1155, 1193, 1231, 1270, 1308, 1347, 1385, 1423, 1461, 1499, 1537, 1575, 1613, 1651, 1689, 1727, 1765, 1803, 1841, 1879, 1918, 1956, 1994, 2033, 2072, 2111, 2150, 2188, 2227, 2265, 2304, 2342, 2381, 2419, 2458, 2496, 2534, 2572, 2610, 2648, 2686, 2724, 2762, 2800, 2838, 2876, 2914, 2953, 2991, 3029, 3067, 3106, 3144, 3182, 3220, 3258, 3296, 3334, 3372, 3410, 3448, 3486, 3524, 3562, 3600, 3638, 3676, 3714, 3752, 3790, 3828, 3866, 3904, 3942, 3980, 4018, 4056, 4094, 4132, 4170, 4208, 4246, 4284, 4322, 4360, 4398, 4436, 4474, 4512, 4550, 4588, 4626, 4664, 4702, 4740, 4778, 4816, 4854, 4892, 4930, 4968, 5006, 5044, 5082, 5120, 5158, 5196, 5234, 5272, 5310, 5348, 5386, 5424, 5462, 5500, 5538, 5576, 5614, 5653, 5691, 5729, 5768, 5807, 5845, 5883, 5922, 5961, 5999, 6037, 6075, 6113, 6151, 6189, 6227, 6265, 6303, 6341, 6379, 6417, 6455, 6493, 6531, 6569, 6607, 6645, 6683, 6721, 6759, 6797, 6835, 6873, 6911, 6949, 6987, 7025, 7063, 7101, 7139, 7177, 7215, 7253, 7291, 7329, 7367, 7405, 7443, 7481, 7519, 7557, 7595, 7634, 7672, 7710, 7748, 7787, 7825, 7863, 7901, 7940, 7978, 8016, 8054, 8092, 8130, 8168, 8206, 8244, 8280]
0
-27.270556093457284
(6.125858194787211, 0.32155055112335695, -0.08277446559252707)
6.364634280318041
1
-27.760436826237115
(6.125858194787206, 0.32578040235017003, -0.08277446559252707)
6.368864131544849
2
-27.2905528243522
(6.125858194787208, 0.32171834491737283, -0.08277446559252707)
6.3648020741120535
3
-15.408686874776457
(6.117763276664722, 0.20785695772961832, -0.08277446559252707)
6.242845768801814
4
-25.036444430417784
(6.653856267061475, 0.30472546606334827, -0.08277446559252707)
6.875807267532297
5
-32.00972018165155
(6.18335365764667, 0.3776612732893163, -0.08277446559252707)
6.478240465343459
6
-25.497594367929686
(6.653856267061477, 0.30795984151795164, -0.08277446559252707)
6.879041642986902
7
-17.216939632456707
(6.098218842069994, 0.23617078420142357, -0.08277446559252707)
6.251615160678891
8
-24.503719317886976
(6.653856267061477, 0.3010701906739115, -0.08277446559252707)
6.872151992142862
9
-25.467309746261414
(6.653856267061473, 0.30774480511317703, -0.08277446559252707)
6.878826606582123
10
-24.598140806754863
(6.653856267061474, 0.30171358500831635, -0.08277446559252707)
6.872795386477263
11
-31.448256797001843
(6.1833536576466726, 0.3688110736751269, -0.08277446559252707)
6.469390265729272
12
-26.834102046291864
(6.12585819478721, 0.31798218764890485, -0.08277446559252707)
6.361065916843589
13
-15.623032776754872
(6.11776327666472, 0.2116039917848232, -0.08277446559252707)
6.246592802857016
14
-27.154691589121146
(6.12585819478721, 0.32058600117389435, -0.08277446559252707)
6.363669730368578
15
-14.932204989759766
(6.319614423906307, 0.19919584740734403, -0.08277446559252707)
6.436035805721124
16
-14.876724866580643
(6.319614423906311, 0.19816013740757182, -0.08277446559252707)
6.435000095721356
17
-15.536717974238467
(6.319614423906305, 0.21010699142145073, -0.08277446559252707)
6.446946949735229
18
-14.99350716587237
(6.319614423906306, 0.2003339744225005, -0.08277446559252707)
6.43717393273628
19
-14.645091266869173
(6.319614423906307, 0.1937803532097075, -0.08277446559252707)
6.430620311523487
20
-14.99514510970448
(6.31961442390631, 0.2003642925710553, -0.08277446559252707)
6.437204250884838
21
-14.778445262009564
(6.319614423906304, 0.19631257506581978, -0.08277446559252707)
6.433152533379597
22
-15.35278040756122
(6.319614423906309, 0.2068637016178958, -0.08277446559252707)
6.4437036599316775
23
-14.244273105819671
(6.319614423906307, 0.18600934842157513, -0.08277446559252707)
6.422849306735356
24
-15.932791849310684
(6.31961442390631, 0.21683700563820685, -0.08277446559252707)
6.45367696395199
25
-15.679523201718037
(6.319614423906306, 0.21257480584315352, -0.08277446559252707)
6.449414764156932
26
-16.20950072428654
(6.31961442390631, 0.2213188604936468, -0.08277446559252707)
6.45815881880743
27
-14.927021111135096
(6.319614423906307, 0.1990993004820461, -0.08277446559252707)
6.435939258795826
28
-15.766443914475925
(6.319614423906308, 0.21405445928612926, -0.08277446559252707)
6.45089441759991
29
-15.455988213126268
(6.319614423906306, 0.20869227336258944, -0.08277446559252707)
6.445532231676369
30
-15.912638929213523
(6.319614423906309, 0.21650342028149328, -0.08277446559252707)
6.453343378595275
31
-15.034618913908313
(6.319614423906309, 0.20109348617978728, -0.08277446559252707)
6.437933444493569
32
-17.4113842583454
(6.098218842069998, 0.2387898958682626, -0.08277446559252707)
6.254234272345734
33
-15.465301013372523
(6.319614423906306, 0.2088561792704165, -0.08277446559252707)
6.4456961375841955
34
-17.762517891294223
(6.098218842069996, 0.24333162728784996, -0.08277446559252707)
6.258776003765319
35
-14.675753167762117
(6.319614423906307, 0.19436509021993703, -0.08277446559252707)
6.431205048533717
36
-15.485196638719792
(6.319614423906308, 0.20920572902510548, -0.08277446559252707)
6.446045687338886
37
-15.360138673827967
(6.319614423906306, 0.20699479771556123, -0.08277446559252707)
6.44383475602934
38
-15.490831258774769
(6.319614423906309, 0.2093045719547365, -0.08277446559252707)
6.446144530268518
39
-14.91640856418618
(6.319614423906309, 0.19890150124720357, -0.08277446559252707)
6.435741459560986
40
-15.126649615648455
(6.319614423906311, 0.20278247064073002, -0.08277446559252707)
6.439622428954514
41
-15.04349334293377
(6.319614423906306, 0.2012570332240926, -0.08277446559252707)
6.438096991537872
42
-15.500144059021109
(6.319614423906309, 0.2094677894808425, -0.08277446559252707)
6.4463077477946245
43
-14.394505892005986
(6.319614423906308, 0.18894853123017558, -0.08277446559252707)
6.425788489543956
44
-15.233928695346812
(6.319614423906308, 0.20473113705294266, -0.08277446559252707)
6.441571095366724
45
-14.746631547860847
(6.319614423906306, 0.1957110709720839, -0.08277446559252707)
6.432551029285863
46
-15.276609070429247
(6.319614423906308, 0.20550019210192838, -0.08277446559252707)
6.44234015041571
47
-14.228476680246077
(6.319614423906309, 0.185698582435588, -0.08277446559252707)
6.42253854074937
48
-15.916676700662224
(6.31961442390631, 0.21657033502765116, -0.08277446559252707)
6.453410293341434
49
-15.834432253364303
(6.117763276664725, 0.21519964484601084, -0.08277446559252707)
6.250188455918209
50
-16.177687010137788
(6.31961442390631, 0.22081280519841529, -0.08277446559252707)
6.457652763512198
51
-15.160753382383835
(6.319614423906307, 0.2034043360153575, -0.08277446559252707)
6.440244294329138
52
-17.68238283258751
(6.098218842069998, 0.2423159199558701, -0.08277446559252707)
6.257760296433341
53
-25.476460522252864
(6.653856267061476, 0.3078097371135531, -0.08277446559252707)
6.8788915385825025
54
-17.58593859088373
(6.098218842069997, 0.24107733368140583, -0.08277446559252707)
6.256521710158876
55
-31.806143194277844
(6.1833536576466726, 0.37436737846132306, -0.08277446559252707)
6.474946570515469
56
-15.22874481672213
(6.319614423906311, 0.20463748541494625, -0.08277446559252707)
6.44147744372873
57
-31.911047930617162
(6.183353657646673, 0.3760524357898398, -0.08277446559252707)
6.476631627843986
58
-15.564179884170668
(6.319614423906311, 0.21058504435281522, -0.08277446559252707)
6.4474250026665985
59
-17.076009731985664
(6.098218842069994, 0.2342245078118843, -0.08277446559252707)
6.249668884289352
60
-15.234611263856586
(6.31961442390631, 0.20474346438140595, -0.08277446559252707)
6.441583422695189
61
-27.459515874584742
(6.1258581947872095, 0.3231521806690245, -0.08277446559252707)
6.366235909863708
62
-14.997606627470182
(6.319614423906309, 0.20040984592893168, -0.08277446559252707)
6.437249804242714
63
-15.397094978957345
(6.117763276664724, 0.20765154042213368, -0.08277446559252707)
6.242640351494331
64
-15.110534466999994
(6.319614423906311, 0.20248785546436798, -0.08277446559252707)