0
2.956
2.956
5.119942187173601
2.907569660959705
5.092134457507316
4.14631129238186
4.708
4.708
2.9075696609597057
5.092134457507317
4.146311292381861
5.119942187173601
5.119942187173603
2.956000000000002
5.119942187173603
4.146311292381862
2.9075696609597053
5.092134457507317
5.092134457507317
4.146311292381862
2.907569660959706
5.092134457507318
5.092134457507317
5.119942187173602
2.9560000000000013
2.956000000000001
4.146311292381862
5.092134457507317
4.146311292381862
5.092134457507317
5.119942187173604
2.956000000000003
5.092134457507318
5.092134457507318
2.9075696609597066
5.092134457507319
5.092134457507319
2.907569660959707
(-6.55825084033582, -0.012311155117425976)
('free_energy/atom is ', -3.303039574617745)
0.015620708465576172
